time;sn_hour_avg;sm_hour_avg;sx_hour_avg;dn_hour_avg;dm_hour_avg;dx_hour_avg;ta_hour_avg;pa_hour_avg;
2017-12-03 00:00:00+01;0.23;0.81;1.43;223.00;47.00;113.00;-0.10;997.57;
2017-12-03 01:00:00+01;0.50;1.20;1.80;206.00;41.00;82.00;-0.07;997.57;
2017-12-03 02:00:00+01;0.61;1.48;2.20;238.00;31.00;68.00;-0.05;997.01;
2017-12-03 03:00:00+01;0.40;1.28;2.17;165.00;58.00;117.00;0.04;996.69;
2017-12-03 04:00:00+01;1.13;2.45;3.67;125.00;40.00;72.00;-0.21;996.08;
2017-12-03 05:00:00+01;0.78;1.90;3.08;159.00;45.00;94.00;-0.04;995.62;
2017-12-03 06:00:00+01;0.51;1.76;2.95;138.00;56.00;117.00;-0.05;995.73;
2017-12-03 07:00:00+01;0.65;1.66;2.51;158.00;44.00;92.00;0.00;995.71;
2017-12-03 08:00:00+01;0.81;2.06;3.11;214.00;33.00;71.00;0.17;995.32;
2017-12-03 09:00:00+01;1.00;2.35;3.55;238.00;37.00;63.00;0.20;995.05;
2017-12-03 10:00:00+01;0.61;1.74;3.00;260.00;77.00;81.00;0.35;994.77;
2017-12-03 11:00:00+01;0.84;2.14;3.52;243.00;38.00;71.00;0.38;994.20;
2017-12-03 12:00:00+01;0.89;2.39;3.79;274.00;29.00;69.00;0.38;993.26;
2017-12-03 13:00:00+01;0.75;2.13;3.58;291.00;31.00;72.00;0.43;992.78;
2017-12-03 14:00:00+01;0.75;2.05;3.46;314.00;78.00;61.00;0.37;992.61;
2017-12-03 15:00:00+01;0.72;1.94;3.26;275.00;33.00;68.00;0.15;992.68;
2017-12-03 16:00:00+01;0.46;1.41;2.35;300.00;58.00;76.00;0.03;992.72;
2017-12-03 17:00:00+01;0.46;1.32;2.23;290.00;99.00;69.00;-0.02;992.78;
2017-12-03 18:00:00+01;0.24;0.80;1.42;265.00;286.00;71.00;-0.05;992.86;
2017-12-03 19:00:00+01;0.40;1.06;1.71;216.00;270.00;199.00;-0.24;992.89;
2017-12-03 20:00:00+01;0.62;1.55;2.52;223.00;269.00;214.00;-0.43;993.00;
2017-12-03 21:00:00+01;0.65;1.40;2.05;204.00;242.00;276.00;-0.41;992.81;
2017-12-03 22:00:00+01;0.48;1.49;2.42;196.00;250.00;222.00;-0.41;992.56;
2017-12-03 23:00:00+01;;;;;;;;;
2017-12-04 00:00:00+01;0.71;2.29;3.68;194.00;245.00;263.00;-0.39;992.02;
2017-12-04 01:00:00+01;0.96;3.00;5.01;186.00;244.00;262.00;-0.63;991.77;
2017-12-04 02:00:00+01;0.68;2.69;4.91;197.00;269.00;230.00;-1.26;991.43;
2017-12-04 03:00:00+01;1.35;4.05;6.62;203.00;258.00;234.00;-1.58;991.11;
2017-12-04 04:00:00+01;1.68;4.54;6.95;200.00;249.00;247.00;-1.26;990.80;
2017-12-04 05:00:00+01;0.61;2.45;4.51;179.00;256.00;192.00;-1.76;990.31;
2017-12-04 06:00:00+01;0.97;2.98;5.00;190.00;252.00;229.00;-1.75;990.03;
2017-12-04 07:00:00+01;1.04;2.99;4.81;201.00;247.00;276.00;-1.20;990.04;
2017-12-04 08:00:00+01;1.29;3.89;6.63;199.00;252.00;266.00;-0.35;990.19;
2017-12-04 09:00:00+01;1.42;3.80;6.03;203.00;249.00;269.00;0.15;990.20;
2017-12-04 10:00:00+01;1.22;3.36;5.33;204.00;246.00;268.00;0.60;990.30;
2017-12-04 11:00:00+01;1.08;3.22;5.10;201.00;248.00;249.00;0.90;990.11;
2017-12-04 12:00:00+01;1.42;3.67;5.50;204.00;247.00;270.00;0.83;989.87;
2017-12-04 13:00:00+01;1.81;4.71;7.18;204.00;247.00;263.00;0.73;989.53;
2017-12-04 14:00:00+01;1.50;4.53;6.95;199.00;246.00;288.00;0.81;989.68;
2017-12-04 15:00:00+01;0.93;3.23;5.70;199.00;261.00;266.00;0.99;989.99;
2017-12-04 16:00:00+01;0.84;2.69;4.38;233.00;282.00;291.00;0.89;990.55;
2017-12-04 17:00:00+01;0.82;2.48;4.02;228.00;279.00;233.00;1.02;990.96;
2017-12-04 18:00:00+01;0.66;2.17;3.55;222.00;277.00;277.00;1.26;991.76;
2017-12-04 19:00:00+01;0.69;2.45;4.06;223.00;279.00;286.00;1.12;992.45;
2017-12-04 20:00:00+01;0.83;2.54;4.27;223.00;278.00;261.00;1.37;993.17;
2017-12-04 21:00:00+01;0.76;2.25;3.62;195.00;252.00;260.00;1.40;993.85;
2017-12-04 22:00:00+01;1.05;3.00;4.65;191.00;245.00;263.00;1.39;994.53;
2017-12-04 23:00:00+01;;;;;;;;;
2017-12-05 00:00:00+01;0.91;2.56;4.02;201.00;251.00;280.00;1.46;995.77;
2017-12-05 01:00:00+01;0.80;2.09;3.32;198.00;250.00;254.00;1.49;996.33;
2017-12-05 02:00:00+01;0.74;2.21;3.70;198.00;254.00;236.00;1.48;996.69;
2017-12-05 03:00:00+01;0.93;2.70;4.44;199.00;249.00;257.00;1.38;996.90;
2017-12-05 04:00:00+01;0.63;2.32;4.03;211.00;273.00;223.00;1.34;997.13;
2017-12-05 05:00:00+01;0.90;2.97;5.03;221.00;279.00;205.00;1.35;997.27;
2017-12-05 06:00:00+01;0.95;2.99;5.00;196.00;254.00;275.00;1.30;997.43;
2017-12-05 07:00:00+01;0.88;2.81;4.65;194.00;254.00;267.00;1.38;997.75;
2017-12-05 08:00:00+01;0.71;2.44;4.24;198.00;260.00;263.00;1.27;998.11;
2017-12-05 09:00:00+01;0.73;2.34;4.06;210.00;265.00;259.00;1.65;998.41;
2017-12-05 10:00:00+01;1.04;3.13;5.11;196.00;247.00;266.00;1.98;998.30;
2017-12-05 11:00:00+01;0.92;3.11;5.34;194.00;255.00;232.00;2.56;997.85;
2017-12-05 12:00:00+01;0.90;3.23;5.48;190.00;255.00;270.00;2.52;997.66;
2017-12-05 13:00:00+01;0.72;2.47;4.30;192.00;257.00;242.00;2.26;997.38;
2017-12-05 14:00:00+01;0.66;2.36;4.19;201.00;265.00;206.00;2.43;997.10;
2017-12-05 15:00:00+01;0.82;2.78;4.79;196.00;261.00;260.00;2.08;996.91;
2017-12-05 16:00:00+01;0.68;2.47;4.20;217.00;275.00;231.00;1.81;996.77;
2017-12-05 17:00:00+01;0.74;2.50;4.29;206.00;266.00;250.00;2.15;996.53;
2017-12-05 18:00:00+01;1.02;3.14;5.25;212.00;267.00;265.00;2.94;996.34;
2017-12-05 19:00:00+01;0.84;2.96;5.38;195.00;267.00;255.00;3.38;996.24;
2017-12-05 20:00:00+01;0.98;3.48;6.13;211.00;277.00;225.00;3.50;996.25;
2017-12-05 21:00:00+01;0.98;3.64;6.45;215.00;277.00;222.00;3.71;996.36;
2017-12-05 22:00:00+01;1.08;3.56;6.18;216.00;279.00;246.00;3.82;996.13;
2017-12-05 23:00:00+01;;;;;;;;;
2017-12-06 00:00:00+01;0.92;3.75;6.89;199.00;266.00;262.00;4.14;995.90;
2017-12-06 01:00:00+01;1.07;4.04;7.26;199.00;264.00;242.00;4.18;996.02;
2017-12-06 02:00:00+01;1.08;4.00;7.23;205.00;269.00;208.00;4.06;996.16;
2017-12-06 03:00:00+01;0.97;3.83;7.18;200.00;270.00;224.00;3.86;996.01;
2017-12-06 04:00:00+01;1.06;4.07;7.63;196.00;266.00;250.00;4.02;996.03;
2017-12-06 05:00:00+01;1.01;3.98;7.25;199.00;266.00;246.00;4.22;996.16;
2017-12-06 06:00:00+01;1.22;3.98;7.14;196.00;259.00;259.00;4.10;996.21;
2017-12-06 07:00:00+01;1.17;3.85;6.80;194.00;260.00;245.00;4.35;996.35;
2017-12-06 08:00:00+01;1.21;4.24;7.44;194.00;256.00;262.00;4.48;996.50;
2017-12-06 09:00:00+01;1.55;5.29;9.14;202.00;253.00;268.00;4.71;996.42;
2017-12-06 10:00:00+01;1.38;5.23;9.37;190.00;258.00;214.00;4.87;996.40;
2017-12-06 11:00:00+01;1.27;4.72;8.46;194.00;259.00;256.00;4.70;996.15;
2017-12-06 12:00:00+01;1.30;5.08;8.78;195.00;254.00;246.00;4.80;995.65;
2017-12-06 13:00:00+01;1.21;4.59;8.22;192.00;259.00;216.00;5.06;995.46;
2017-12-06 14:00:00+01;1.13;4.30;8.10;195.00;265.00;244.00;5.10;995.44;
2017-12-06 15:00:00+01;1.11;3.75;6.87;191.00;260.00;255.00;4.79;995.80;
2017-12-06 16:00:00+01;1.00;3.86;6.86;196.00;266.00;239.00;4.34;996.14;
2017-12-06 17:00:00+01;1.18;3.95;6.75;195.00;256.00;275.00;3.68;996.26;
2017-12-06 18:00:00+01;1.27;4.35;7.37;198.00;252.00;246.00;3.31;996.30;
2017-12-06 19:00:00+01;1.17;3.88;6.72;195.00;257.00;273.00;3.36;996.31;
2017-12-06 20:00:00+01;0.80;3.24;5.85;187.00;258.00;277.00;3.31;996.24;
2017-12-06 21:00:00+01;1.02;3.39;6.06;188.00;259.00;271.00;3.25;996.27;
2017-12-06 22:00:00+01;0.83;3.31;6.00;184.00;260.00;263.00;3.50;996.41;
2017-12-06 23:00:00+01;;;;;;;;;
2017-12-07 00:00:00+01;1.45;4.27;6.97;202.00;250.00;270.00;4.52;996.11;
2017-12-07 01:00:00+01;1.19;3.84;6.29;198.00;250.00;282.00;4.75;996.31;
2017-12-07 02:00:00+01;1.44;4.30;6.94;195.00;245.00;256.00;4.88;996.29;
2017-12-07 03:00:00+01;1.39;4.12;6.73;196.00;247.00;277.00;4.90;996.18;
2017-12-07 04:00:00+01;1.32;4.57;7.66;191.00;250.00;287.00;4.85;996.03;
2017-12-07 05:00:00+01;1.85;5.40;8.43;197.00;243.00;271.00;4.74;995.87;
2017-12-07 06:00:00+01;1.40;4.31;7.10;197.00;248.00;279.00;4.53;995.94;
2017-12-07 07:00:00+01;1.67;4.18;6.44;207.00;243.00;278.00;4.28;995.86;
2017-12-07 08:00:00+01;1.90;4.88;7.26;197.00;244.00;271.00;4.29;995.65;
2017-12-07 09:00:00+01;1.68;4.65;7.10;200.00;250.00;266.00;4.34;995.39;
2017-12-07 10:00:00+01;1.34;4.28;6.89;199.00;251.00;280.00;4.25;995.02;
2017-12-07 11:00:00+01;1.05;3.08;4.95;201.00;254.00;265.00;4.39;994.16;
2017-12-07 12:00:00+01;1.21;2.99;4.45;200.00;248.00;250.00;5.12;993.02;
2017-12-07 13:00:00+01;0.94;2.76;4.14;191.00;248.00;249.00;5.94;992.01;
2017-12-07 14:00:00+01;0.79;1.92;3.01;194.00;251.00;228.00;6.32;991.32;
2017-12-07 15:00:00+01;0.86;1.56;2.13;203.00;238.00;257.00;5.43;990.82;
2017-12-07 16:00:00+01;0.79;1.36;1.86;203.00;229.00;242.00;4.68;990.14;
2017-12-07 17:00:00+01;0.32;0.85;1.33;162.00;210.00;224.00;3.76;989.73;
2017-12-07 18:00:00+01;0.41;0.81;1.25;236.00;253.00;224.00;3.60;989.39;
2017-12-07 19:00:00+01;0.26;0.61;0.98;230.00;265.00;211.00;2.78;988.98;
2017-12-07 20:00:00+01;0.29;0.64;1.05;239.00;257.00;187.00;1.96;988.40;
2017-12-07 21:00:00+01;0.20;0.58;1.00;222.00;268.00;170.00;1.27;987.84;
2017-12-07 22:00:00+01;0.28;0.70;1.18;242.00;230.00;176.00;0.53;987.26;
2017-12-07 23:00:00+01;;;;;;;;;
2017-12-08 00:00:00+01;0.45;1.89;3.62;196.00;273.00;193.00;4.61;985.59;
2017-12-08 01:00:00+01;0.19;0.74;1.41;129.00;178.00;227.00;4.59;984.90;
2017-12-08 02:00:00+01;0.34;0.72;1.15;158.00;112.00;113.00;2.98;984.12;
2017-12-08 03:00:00+01;0.23;0.69;1.22;215.00;170.00;127.00;1.63;983.22;
2017-12-08 04:00:00+01;0.32;0.75;1.18;227.00;203.00;141.00;-0.11;982.81;
2017-12-08 05:00:00+01;0.44;1.04;1.57;125.00;78.00;112.00;0.51;982.13;
2017-12-08 06:00:00+01;0.30;0.91;1.60;209.00;191.00;173.00;1.85;981.37;
2017-12-08 07:00:00+01;0.65;1.31;1.94;142.00;184.00;219.00;3.82;980.67;
2017-12-08 08:00:00+01;0.59;1.93;3.26;193.00;232.00;199.00;5.93;980.84;
2017-12-08 09:00:00+01;1.03;3.31;5.48;199.00;257.00;209.00;8.55;981.23;
2017-12-08 10:00:00+01;0.65;2.40;4.23;200.00;262.00;223.00;8.54;981.47;
2017-12-08 11:00:00+01;0.62;2.36;4.22;199.00;264.00;234.00;8.66;981.10;
2017-12-08 12:00:00+01;0.68;2.00;3.28;188.00;242.00;233.00;8.05;980.44;
2017-12-08 13:00:00+01;1.01;2.55;3.87;191.00;236.00;257.00;7.87;980.33;
2017-12-08 14:00:00+01;0.71;2.35;3.82;202.00;257.00;220.00;7.50;980.43;
2017-12-08 15:00:00+01;0.48;1.45;2.31;222.00;272.00;237.00;6.72;980.64;
2017-12-08 16:00:00+01;0.52;1.18;1.78;180.00;218.00;243.00;5.94;980.72;
2017-12-08 17:00:00+01;1.14;2.64;4.02;184.00;226.00;245.00;5.71;980.46;
2017-12-08 18:00:00+01;0.62;2.05;3.53;185.00;252.00;194.00;5.46;980.73;
2017-12-08 19:00:00+01;1.02;2.82;4.36;200.00;248.00;250.00;5.33;981.13;
2017-12-08 20:00:00+01;0.95;2.81;4.39;202.00;251.00;261.00;4.74;981.57;
2017-12-08 21:00:00+01;0.54;1.57;2.44;231.00;278.00;255.00;4.09;981.55;
2017-12-08 22:00:00+01;0.37;0.94;1.52;193.00;244.00;237.00;3.83;981.37;
2017-12-08 23:00:00+01;;;;;;;;;